name	Band	average	max_error	maximum	median	minimum	p80_threshold	p85_threshold	p90_threshold	sigma	total
world	3_bands_model_chl_conc	9.2958	0.0129	15.8955	9.0940	3.0382	13.0283	13.4912	14.1726	3.4934	416
world	MCI	0.0000	0.0000	0.0012	-0.0000	-0.0000	-0.0000	-0.0000	-0.0000	0.0001	8800
world	conc_chl	8.9381	0.0191	19.1773	9.7576	0.0315	13.0698	13.4144	13.7399	4.6267	416
world	conc_tsm	2.6771	0.0102	10.1756	1.7729	0.0151	4.7195	5.6034	6.6906	2.3736	416
world	empirical_2_bands_equation1	12.5357	0.0215	22.5789	13.4538	1.1081	18.9503	19.4012	20.0454	6.1534	416
world	empirical_2_bands_equation2	8.3159	0.0157	15.5950	8.8921	-0.1395	13.0775	13.3922	14.0058	4.5561	416
world	empirical_3_bands_equation1	13.4653	0.0076	17.2611	13.4686	9.7064	15.7501	15.9768	16.3318	2.1547	416
world	empirical_3_bands_equation3	10.0673	0.0105	15.5854	9.9657	5.0418	13.2658	13.6138	14.1410	3.0033	416
world	kd_z90max	4.2895	0.0726	73.5390	2.2899	0.9100	4.4688	4.9046	5.5583	7.7453	416
